0 9754
0 9558
0 9569
0 9685
0 9759
1 9700
1 9871
1 9695
1 9755
2 9532
2 9853
2 9703
2 9697
2 9820
3 9538
3 9541
3 9639
3 9599
3 9579
4 9811
4 9621
4 9530
5 9596
5 9715
5 9642
6 9529
6 9873
6 9608
6 9616
6 9863
7 9679
7 9616
7 9791
7 9759
7 9632
8 9639
8 9725
8 9873
8 9547
8 9801
9 9642
9 9542
9 9599
9 9578
10 9541
10 9584
10 9545
10 9624
10 9799
11 9577
11 9654
11 9861
11 9651
11 9755
12 9531
12 9628
12 9527
12 9597
12 9649
13 9705
13 9639
13 9816
13 9616
13 9871
14 9761
14 9671
14 9641
14 9616
14 9808
15 9748
15 9834
15 9633
15 9686
16 9617
16 9639
16 9853
16 9696
16 9592
17 9641
17 9639
17 9808
17 9532
17 9592
18 9853
18 9764
18 9629
18 9635
18 9785
19 9578
19 9627
19 9591
19 9863
19 9638
20 9610
20 9608
20 9790
20 9616
20 9551
21 9624
21 9679
21 9641
21 9708
22 9811
22 9745
22 9651
22 9622
22 9617
23 9594
23 9584
23 9749
23 9719
23 9696
24 9538
24 9541
24 9542
24 9545
24 9799
25 9555
25 9529
25 9622
25 9560
25 9708
26 9608
26 9544
26 9733
26 9551
26 9605
27 9591
27 9593
27 9660
27 9530
27 9679
28 9790
28 9571
28 9578
28 9584
28 9669
29 9604
29 9535
29 9616
29 9658
30 9745
30 9527
30 9555
30 9585
31 9542
31 9538
31 9530
31 9547
31 9638
32 9596
32 9751
32 9750
32 9630
32 9597
33 9529
33 9725
33 9783
33 9578
33 9719
34 9689
34 9545
34 9542
34 9564
34 9755
35 9569
35 9659
35 9530
35 9625
35 9594
36 9591
36 9555
36 9678
36 9547
36 9584
37 9592
37 9762
37 9691
37 9626
37 9605
38 9594
38 9608
38 9638
38 9645
38 9762
39 9527
39 9545
39 9816
39 9541
39 9584
40 9584
40 9530
40 9549
40 9578
40 9621
41 9577
41 9622
41 9679
41 9593
42 9781
42 9596
42 9673
42 9530
43 9571
43 9641
43 9757
43 9658
43 9756
44 9533
44 9592
44 9532
44 9748
44 9759
45 9575
45 9647
45 9542
45 9620
45 9616
46 9626
46 9616
46 9531
46 9577
46 9726
47 9616
47 9600
47 9610
47 9532
47 9768
48 9768
48 9532
48 9529
48 9759
48 9632
49 9674
49 9673
49 9563
49 9719
49 9632
50 9685
50 9528
50 9558
50 9569
50 9560
51 9581
51 9694
51 9530
51 9679
51 9613
52 9700
52 9643
52 9610
52 9594
53 9674
53 9552
53 9528
53 9606
53 9631
54 9645
54 9676
54 9608
54 9696
54 9703
55 9624
55 9613
55 9861
55 9551
55 9593
56 9578
56 9712
56 9568
56 9546
56 9799
57 9554
57 9625
57 9708
57 9753
57 9586
58 9538
58 9717
58 9537
58 9563
58 9638
59 9529
59 9602
59 9778
59 9544
59 9653
60 9631
60 9563
60 9760
60 9708
60 9695
61 9545
61 9531
61 9535
61 9540
61 9597
62 9533
62 9529
62 9666
62 9617
63 9660
63 9657
63 9530
63 9585
63 9801
64 9641
64 9631
64 9581
64 9695
64 9756
65 9631
65 9647
65 9676
65 9628
65 9735
66 9789
66 9689
66 9528
66 9632
66 9639
67 9630
67 9620
67 9714
67 9574
67 9692
68 9762
68 9608
68 9530
68 9644
68 9654
69 9545
69 9547
69 9551
69 9584
69 9719
70 9593
70 9528
70 9579
70 9676
70 9700
71 9631
71 9814
71 9532
71 9593
72 9546
72 9532
72 9552
72 9697
72 9687
73 9564
73 9538
73 9684
74 9581
74 9658
74 9846
74 9745
74 9622
75 9555
75 9783
75 9608
75 9647
75 9574
76 9685
76 9631
76 9574
76 9751
77 9594
77 9532
77 9527
77 9539
77 9608
78 9681
78 9552
78 9653
78 9555
78 9600
79 9531
79 9527
79 9563
79 9544
79 9532
80 9658
80 9846
80 9571
80 9585
80 9632
81 9626
81 9761
81 9543
81 9610
81 9594
82 9631
82 9751
82 9721
82 9606
83 9770
83 9645
83 9679
83 9556
83 9591
84 9528
84 9548
84 9631
84 9582
84 9565
85 9610
85 9813
85 9529
85 9584
85 9576
86 9642
86 9853
86 9571
86 9574
87 9578
87 9616
87 9530
87 9712
87 9868
88 9529
88 9616
88 9719
88 9588
88 9605
89 9726
89 9695
89 9632
89 9781
89 9820
90 9799
90 9599
90 9848
90 9552
90 9764
91 9631
91 9624
91 9781
91 9531
91 9528
92 9631
92 9641
92 9616
92 9820
93 9631
93 9552
93 9579
93 9735
93 9647
94 9624
94 9527
94 9543
94 9542
95 9616
95 9599
95 9813
95 9600
96 9555
96 9781
96 9532
96 9673
96 9552
97 9554
97 9753
97 9771
97 9754
97 9785
98 9555
98 9596
98 9553
98 9624
98 9608
99 9689
99 9616
99 9588
99 9681
99 9592
100 9815
100 9739
100 9612
100 9541
101 9565
101 9591
101 9532
102 9707
102 9537
102 9538
102 9816
102 9687
103 9616
103 9628
103 9544
103 9802
104 9656
104 9645
104 9688
104 9795
104 9671
105 9774
105 9814
105 9848
105 9773
106 9530
106 9781
106 9555
106 9647
106 9775
107 9584
107 9770
107 9527
107 9542
107 9756
108 9581
108 9528
108 9534
108 9546
108 9632
109 9676
109 9717
109 9596
109 9772
109 9561
110 9549
110 9822
110 9809
110 9853
110 9658
111 9795
111 9616
111 9600
111 9802
111 9653
112 9777
112 9563
112 9544
112 9639
112 9654
113 9552
113 9579
113 9616
113 9653
113 9600
114 9675
114 9706
114 9770
114 9651
114 9853
115 9790
115 9684
115 9532
115 9597
115 9649
116 9554
116 9532
116 9718
116 9691
116 9586
117 9552
117 9670
117 9563
117 9692
117 9644
118 9630
118 9571
118 9589
118 9625
118 9535
119 9632
119 9615
119 9601
119 9638
119 9696
120 9545
120 9616
120 9630
120 9772
120 9783
121 9562
121 9644
121 9852
121 9749
121 9594
122 9534
122 9588
122 9641
122 9670
123 9529
123 9552
123 9749
123 9852
123 9533
124 9555
124 9713
124 9577
124 9558
124 9582
125 9656
125 9541
125 9645
125 9641
125 9649
126 9527
126 9650
126 9629
126 9655
127 9665
127 9631
127 9563
127 9565
127 9837
128 9853
128 9873
128 9549
128 9621
128 9606
129 9631
129 9626
129 9633
129 9548
129 9744
130 9675
130 9645
130 9742
130 9766
130 9709
131 9584
131 9542
131 9813
131 9588
131 9620
132 9540
132 9545
132 9564
132 9630
132 9527
133 9577
133 9529
133 9544
133 9686
134 9751
134 9604
134 9570
134 9744
134 9582
135 9618
135 9630
135 9784
135 9853
136 9734
136 9538
136 9553
136 9740
136 9586
137 9549
137 9696
137 9635
137 9667
137 9532
138 9546
138 9769
138 9537
138 9671
139 9816
139 9873
139 9716
139 9626
139 9545
140 9663
140 9744
140 9632
140 9873
141 9629
141 9757
141 9603
142 9540
142 9595
142 9676
142 9694
142 9703
143 9541
143 9616
143 9826
143 9563
144 9669
144 9664
144 9542
144 9540
145 9721
145 9576
145 9585
145 9602
145 9733
146 9746
146 9751
146 9717
146 9809
147 9596
147 9749
147 9737
147 9533
148 9537
148 9620
148 9706
148 9692
148 9540
149 9734
149 9815
149 9678
149 9614
150 9672
150 9818
150 9577
150 9585
150 9581
151 9558
151 9531
151 9853
151 9579
151 9582
152 9612
152 9561
152 9616
152 9726
153 9527
153 9551
153 9732
153 9548
154 9538
154 9666
154 9765
154 9551
155 9829
155 9778
155 9873
155 9568
155 9562
156 9597
156 9555
156 9781
156 9599
157 9599
157 9616
157 9575
157 9542
157 9705
158 9576
158 9873
158 9690
158 9841
159 9647
159 9706
159 9627
159 9853
160 9760
160 9647
160 9612
160 9658
161 9545
161 9543
161 9589
161 9561
161 9702
162 9777
162 9650
162 9544
162 9563
163 9707
163 9725
163 9648
163 9645
164 9771
164 9706
164 9691
165 9564
165 9618
165 9833
165 9678
165 9616
166 9714
166 9576
166 9577
166 9570
166 9621
167 9555
167 9713
167 9686
167 9643
167 9700
168 9737
168 9647
168 9625
168 9750
168 9553
169 9790
169 9809
169 9738
169 9845
170 9625
170 9616
170 9527
170 9663
170 9554
171 9817
171 9577
171 9713
171 9777
171 9612
172 9752
172 9564
172 9570
172 9770
173 9822
173 9668
173 9631
173 9556
174 9563
174 9657
174 9775
175 9615
175 9782
175 9582
176 9545
176 9661
176 9724
176 9868
177 9853
177 9802
177 9687
177 9780
177 9637
178 9541
178 9783
178 9798
178 9628
179 9809
179 9686
179 9601
179 9845
180 9692
180 9780
180 9527
180 9752
180 9686
181 9810
181 9540
181 9812
181 9655
182 9784
182 9629
182 9558
182 9681
182 9551
183 9581
183 9582
183 9592
183 9699
184 9537
184 9608
184 9595
184 9716
184 9605
185 9544
185 9562
185 9583
186 9665
186 9818
186 9596
186 9760
186 9873
187 9791
187 9618
187 9601
187 9773
187 9650
188 9553
188 9702
188 9527
188 9607
188 9598
189 9704
189 9869
189 9813
189 9603
190 9541
190 9631
190 9683
190 9835
190 9700
191 9578
191 9704
191 9568
192 9616
192 9562
192 9817
192 9750
192 9625
193 9592
193 9730
193 9731
193 9539
193 9799
194 9627
194 9650
194 9613
194 9532
194 9632
195 9532
195 9538
195 9607
195 9718
196 9742
196 9595
196 9554
196 9709
197 9664
197 9739
197 9645
197 9563
198 9583
198 9595
198 9770
198 9645
198 9574
199 9558
199 9529
199 9853
199 9606
199 9786
200 9602
200 9763
200 9676
200 9779
201 9545
201 9597
201 9527
202 9532
202 9795
202 9710
203 9729
203 9707
203 9869
203 9731
203 9614
204 9852
204 9663
204 9606
204 9721
205 9532
205 9623
205 9576
205 9539
206 9616
206 9574
206 9751
206 9698
206 9695
207 9650
207 9869
207 9626
208 9573
208 9615
208 9724
208 9746
209 9527
209 9695
209 9556
209 9565
209 9732
210 9588
210 9616
210 9815
210 9661
210 9789
211 9606
211 9632
211 9701
211 9602
211 9592
212 9683
212 9532
212 9738
212 9792
213 9686
213 9873
213 9561
213 9632
214 9817
214 9833
214 9532
214 9826
215 9710
215 9715
215 9600
215 9544
215 9709
216 9546
216 9585
216 9730
216 9616
217 9551
217 9829
217 9613
217 9568
218 9598
218 9676
218 9633
218 9678
219 9667
219 9539
219 9818
219 9542
219 9563
220 9550
220 9627
220 9595
221 9810
221 9609
221 9657
221 9668
221 9835
222 9597
222 9562
222 9582
223 9849
223 9563
223 9767
223 9650
223 9584
224 9680
224 9796
224 9614
225 9527
225 9588
225 9680
225 9709
226 9727
226 9676
226 9562
226 9540
227 9711
227 9562
227 9802
228 9710
228 9648
228 9544
228 9646
228 9614
229 9623
229 9616
229 9624
229 9769
230 9616
230 9641
230 9766
230 9573
231 9558
231 9699
231 9727
231 9753
232 9856
232 9710
232 9655
233 9663
233 9765
233 9796
233 9729
233 9635
234 9616
234 9648
234 9527
234 9607
234 9732
235 9647
235 9695
235 9543
236 9715
236 9720
237 9627
237 9782
237 9659
237 9565
238 9698
238 9778
238 9563
238 9765
238 9672
239 9688
239 9616
240 9739
240 9576
240 9792
241 9853
241 9786
241 9837
242 9634
242 9841
242 9565
242 9713
242 9751
243 9777
243 9595
243 9627
243 9831
243 9668
244 9576
244 9767
244 9812
244 9641
245 9582
245 9618
245 9563
245 9634
245 9751
246 9779
246 9618
246 9831
247 9770
247 9774
247 9720
248 9683
248 9616
248 9778
248 9797
249 9616
249 9786
249 9763
249 9648
250 9701
250 9588
251 9609
251 9727
251 9532
251 9648
252 9701
252 9849
252 9565
252 9660
253 9836
253 9550
254 9752
254 9646
254 9672
255 9786
255 9623
255 9527
255 9659
255 9799
256 9834
256 9721
257 9616
257 9600
257 9541
257 9752
257 9831
258 9797
258 9648
258 9798
259 9690
259 9740
260 9809
260 9623
260 9688
261 9635
262 9695
262 9856
262 9740
263 9812
263 9699
263 9577
264 9811
264 9647
264 9836
264 9532
264 9564
265 9711
265 9853
265 9637
265 9702
266 9616
266 9754
266 9663
