1 9683
1 9731
1 9657
2 9528
2 9851
2 9699
2 9671
3 9650
3 9563
3 9854
4 9731
4 9664
4 9633
5 9564
5 9554
6 9574
6 9569
6 9854
6 9645
7 9529
7 9648
7 9667
8 9563
8 9618
9 9653
9 9535
9 9663
9 9669
9 9589
10 9731
10 9836
11 9578
11 9620
11 9649
12 9658
12 9551
12 9709
13 9696
14 9723
14 9529
14 9658
15 9556
15 9669
15 9788
16 9691
16 9650
16 9529
16 9755
17 9669
17 9682
17 9559
18 9667
18 9555
18 9669
18 9684
18 9669
19 9669
19 9669
20 9707
20 9541
21 9671
21 9704
22 9537
23 9526
23 9667
23 9569
23 9526
24 9563
24 9696
25 9606
25 9551
26 9854
26 9553
26 9816
26 9530
27 9686
27 9650
27 9620
28 9563
28 9569
29 9535
29 9604
29 9564
29 9563
30 9669
31 9563
31 9750
31 9618
32 9816
32 9858
32 9561
32 9530
33 9804
33 9578
33 9578
34 9537
34 9633
34 9762
35 9650
35 9533
36 9858
36 9529
36 9529
37 9649
37 9577
37 9554
37 9854
38 9788
39 9816
39 9578
39 9667
40 9529
40 9682
40 9653
41 9667
41 9750
41 9684
42 9551
42 9631
42 9827
43 9564
43 9650
44 9699
45 9574
46 9854
46 9577
46 9710
47 9653
47 9526
48 9650
48 9850
48 9576
49 9549
49 9540
49 9606
50 9563
50 9650
51 9788
51 9551
51 9536
52 9645
52 9566
52 9631
53 9544
54 9578
54 9725
54 9599
55 9678
55 9648
55 9707
56 9669
56 9574
57 9669
57 9529
58 9653
58 9684
59 9710
59 9732
60 9529
60 9526
61 9583
62 9529
62 9529
62 9755
62 9650
63 9572
63 9650
63 9605
64 9564
65 9605
65 9745
65 9811
65 9762
65 9672
66 9678
66 9550
66 9669
67 9555
67 9545
67 9666
67 9575
68 9585
69 9650
70 9669
70 9859
70 9669
70 9667
71 9578
71 9529
72 9827
72 9660
72 9529
72 9529
73 9540
73 9578
73 9710
73 9762
74 9526
74 9816
74 9585
75 9650
75 9625
75 9816
75 9529
76 9526
76 9545
76 9578
76 9530
77 9577
77 9542
78 9684
78 9669
78 9678
80 9697
80 9578
80 9548
80 9750
81 9608
81 9548
82 9854
82 9530
82 9669
82 9648
83 9535
83 9529
84 9653
85 9574
85 9545
85 9858
85 9529
86 9788
86 9599
86 9578
87 9710
88 9574
88 9529
88 9535
88 9578
89 9816
90 9526
90 9526
90 9664
90 9575
91 9553
91 9836
92 9755
92 9583
92 9529
92 9854
93 9850
93 9563
93 9530
94 9669
94 9533
95 9529
95 9574
96 9577
96 9535
96 9605
97 9574
97 9669
97 9686
97 9611
98 9631
98 9545
98 9526
98 9807
99 9538
99 9755
99 9854
100 9606
101 9529
102 9541
102 9563
103 9667
104 9677
104 9598
104 9662
105 9578
105 9530
106 9604
106 9669
106 9541
107 9803
107 9574
108 9653
108 9816
109 9529
109 9529
109 9536
110 9529
110 9669
111 9738
111 9667
111 9669
112 9529
112 9653
112 9574
113 9850
113 9574
114 9653
114 9542
114 9634
114 9605
115 9605
116 9804
116 9631
116 9529
117 9531
117 9686
117 9555
118 9650
118 9731
118 9669
118 9592
119 9836
119 9593
120 9648
120 9785
120 9851
121 9669
123 9559
123 9648
123 9667
124 9682
125 9575
126 9546
126 9669
127 9707
127 9540
129 9529
131 9669
131 9669
132 9684
132 9591
132 9551
132 9589
132 9631
133 9598
133 9669
133 9860
134 9669
134 9593
135 9534
135 9542
136 9529
136 9529
136 9710
137 9671
138 9684
138 9543
139 9762
139 9529
140 9669
140 9854
140 9540
141 9605
141 9667
141 9658
142 9684
142 9545
142 9669
142 9526
143 9542
143 9632
143 9554
144 9648
144 9826
145 9854
145 9854
147 9664
147 9681
147 9854
148 9569
148 9868
148 9669
149 9868
150 9544
150 9547
150 9854
150 9836
151 9579
151 9669
152 9638
152 9555
153 9735
153 9854
154 9529
154 9529
155 9529
155 9650
156 9540
156 9529
157 9529
157 9669
158 9586
159 9854
160 9707
160 9529
160 9732
161 9631
161 9584
161 9574
161 9650
162 9654
162 9529
162 9710
164 9859
164 9677
165 9847
165 9803
167 9528
167 9667
168 9669
168 9529
168 9599
170 9699
170 9667
170 9648
171 9648
171 9545
171 9836
171 9788
172 9669
172 9529
172 9750
173 9566
173 9574
173 9707
173 9800
174 9699
175 9859
175 9858
176 9625
176 9645
177 9578
178 9551
179 9854
180 9836
180 9529
180 9529
181 9605
181 9631
181 9678
181 9549
182 9678
182 9542
183 9653
183 9653
183 9669
184 9664
184 9674
184 9645
184 9699
184 9529
185 9653
185 9699
185 9529
186 9658
186 9575
187 9529
187 9738
187 9850
188 9541
189 9566
189 9529
189 9598
190 9600
190 9653
191 9529
191 9559
191 9669
192 9669
193 9529
193 9696
193 9669
194 9605
194 9800
194 9650
196 9529
196 9535
196 9529
197 9684
197 9529
197 9645
198 9530
198 9529
199 9574
199 9537
200 9658
200 9707
201 9699
203 9631
203 9574
203 9804
203 9669
204 9732
204 9653
204 9649
205 9650
205 9559
206 9669
206 9760
207 9648
208 9526
208 9631
208 9578
209 9598
209 9535
209 9645
210 9645
210 9649
211 9833
211 9551
211 9851
211 9539
212 9696
212 9654
213 9529
213 9731
213 9637
214 9532
214 9669
214 9528
214 9551
214 9545
215 9826
215 9699
215 9669
216 9854
216 9674
216 9860
216 9648
217 9561
218 9836
218 9858
218 9669
218 9755
219 9551
219 9854
220 9526
220 9847
220 9578
221 9669
221 9556
221 9650
221 9644
222 9678
223 9658
223 9589
223 9532
224 9529
224 9732
224 9548
225 9669
225 9814
226 9548
226 9709
226 9669
226 9548
226 9637
227 9750
227 9634
227 9669
227 9707
227 9566
228 9671
228 9710
228 9696
228 9532
229 9678
229 9669
229 9631
229 9578
230 9678
231 9868
231 9574
231 9669
231 9725
232 9532
233 9637
233 9669
233 9529
233 9543
234 9550
234 9858
234 9607
235 9606
235 9650
236 9782
236 9671
237 9735
237 9854
237 9735
237 9669
238 9555
238 9636
238 9578
238 9528
239 9529
239 9530
239 9850
240 9874
240 9529
240 9658
241 9532
241 9551
242 9650
242 9669
242 9566
242 9851
243 9699
243 9714
243 9725
244 9631
244 9696
245 9669
245 9669
245 9868
246 9707
246 9530
246 9542
247 9699
247 9859
247 9574
247 9545
248 9625
249 9530
249 9669
250 9578
250 9539
250 9854
251 9530
251 9578
251 9669
251 9859
252 9648
252 9533
252 9678
253 9605
253 9545
253 9555
254 9854
254 9669
254 9591
255 9650
255 9667
255 9578
256 9671
257 9816
257 9650
258 9532
258 9631
258 9732
259 9536
259 9543
259 9577
260 9645
260 9545
260 9650
261 9836
261 9684
262 9563
262 9859
263 9578
264 9583
264 9669
264 9631
264 9584
265 9529
265 9578
265 9760
265 9687
266 9620
266 9669
266 9669
266 9696
266 9669
267 9667
268 9669
269 9547
269 9578
269 9579
269 9836
270 9650
270 9793
270 9803
270 9788
270 9704
271 9574
271 9836
271 9699
272 9574
272 9854
272 9529
273 9699
273 9673
273 9620
274 9678
274 9564
275 9854
275 9593
276 9605
276 9854
276 9574
276 9671
276 9653
277 9549
278 9682
279 9529
279 9669
280 9529
280 9574
281 9710
281 9537
281 9699
282 9529
283 9574
283 9850
284 9804
284 9607
284 9669
284 9854
285 9529
285 9850
285 9803
286 9549
286 9529
286 9732
286 9854
287 9564
287 9575
287 9854
288 9549
288 9607
288 9648
288 9678
289 9529
290 9583
291 9799
291 9549
291 9777
291 9816
292 9803
293 9854
293 9818
294 9593
294 9529
294 9669
295 9658
295 9667
296 9639
296 9669
297 9583
298 9549
298 9529
298 9578
299 9654
299 9539
300 9529
300 9542
300 9854
301 9631
301 9529
302 9683
302 9800
302 9526
302 9535
303 9574
303 9804
303 9574
304 9578
304 9684
304 9539
305 9696
305 9794
305 9529
306 9653
306 9669
306 9578
307 9574
307 9529
307 9669
308 9827
308 9859
308 9530
308 9699
309 9755
309 9707
310 9667
311 9755
311 9530
311 9788
312 9854
312 9850
312 9699
312 9554
313 9696
313 9850
314 9650
314 9684
314 9529
314 9551
314 9535
315 9536
315 9854
315 9564
315 9542
316 9762
316 9782
316 9578
316 9563
317 9529
317 9684
318 9551
318 9669
318 9858
318 9699
319 9631
319 9637
320 9649
320 9578
320 9529
321 9699
322 9669
322 9547
323 9645
323 9531
323 9542
324 9577
324 9854
324 9707
324 9650
324 9605
325 9577
325 9631
326 9529
326 9578
327 9669
327 9650
327 9569
327 9669
328 9785
328 9664
328 9631
329 9642
329 9535
329 9669
329 9540
330 9569
330 9586
330 9710
330 9529
331 9666
331 9859
331 9529
331 9532
332 9653
332 9858
332 9854
333 9569
333 9669
333 9607
333 9818
334 9566
334 9637
334 9854
335 9542
335 9645
335 9556
335 9847
336 9578
336 9684
337 9725
337 9762
337 9854
338 9589
339 9532
339 9551
339 9578
339 9532
339 9554
340 9648
340 9669
341 9674
341 9555
342 9532
343 9535
343 9578
344 9862
344 9683
344 9650
345 9644
345 9526
345 9546
345 9648
346 9529
346 9602
346 9607
347 9540
347 9575
347 9532
348 9787
348 9669
348 9529
348 9669
348 9529
349 9816
349 9530
350 9716
350 9563
350 9575
351 9530
351 9636
351 9785
352 9529
352 9577
353 9545
354 9535
355 9648
355 9526
355 9529
356 9650
356 9577
356 9564
357 9529
357 9858
357 9864
358 9529
358 9574
358 9551
358 9542
359 9554
359 9645
359 9636
361 9568
361 9633
362 9859
362 9631
363 9535
363 9536
364 9575
364 9653
364 9699
364 9735
365 9631
366 9678
366 9671
366 9574
366 9604
366 9669
367 9633
368 9836
368 9529
368 9669
368 9826
368 9777
369 9699
369 9660
369 9818
370 9559
370 9658
370 9556
370 9671
371 9667
371 9669
372 9707
372 9636
372 9544
373 9667
373 9854
374 9731
374 9578
375 9548
376 9684
376 9678
376 9606
377 9569
377 9625
377 9578
377 9761
377 9650
378 9653
378 9577
379 9684
379 9540
379 9631
380 9850
380 9645
380 9854
381 9578
381 9532
381 9785
382 9539
382 9710
383 9529
383 9723
383 9530
384 9674
384 9669
385 9578
385 9803
385 9714
385 9691
385 9804
387 9526
388 9595
388 9529
388 9529
389 9529
389 9667
390 9854
390 9660
390 9560
390 9577
391 9648
391 9529
391 9529
392 9625
392 9598
392 9648
392 9545
393 9529
393 9530
394 9854
394 9577
394 9851
394 9644
395 9544
395 9664
395 9591
396 9804
396 9648
396 9642
396 9577
397 9859
397 9530
397 9561
398 9671
398 9653
399 9696
399 9654
399 9681
400 9664
400 9563
400 9574
401 9642
401 9589
401 9578
401 9631
401 9682
402 9636
402 9851
402 9793
402 9606
403 9535
403 9563
403 9650
404 9650
404 9533
404 9532
405 9699
406 9686
407 9669
407 9669
408 9762
408 9631
408 9706
410 9631
410 9699
411 9542
411 9824
412 9645
413 9535
413 9658
414 9529
414 9788
415 9585
415 9802
415 9533
415 9677
416 9707
417 9854
418 9530
418 9529
419 9669
419 9669
419 9533
420 9859
420 9529
420 9683
420 9563
421 9674
421 9583
422 9536
422 9777
422 9566
422 9535
423 9666
423 9850
423 9816
423 9854
424 9648
424 9563
424 9678
424 9755
424 9874
425 9551
425 9694
426 9577
426 9566
426 9669
427 9578
427 9526
427 9529
427 9529
428 9529
428 9669
428 9862
428 9761
429 9529
429 9699
429 9542
430 9836
430 9585
430 9683
431 9634
431 9736
431 9644
431 9535
432 9669
432 9818
432 9874
432 9529
433 9529
433 9574
433 9540
433 9859
434 9682
434 9532
434 9667
434 9526
435 9850
435 9608
435 9667
435 9785
436 9761
436 9575
436 9542
437 9762
437 9551
437 9686
437 9650
438 9650
438 9696
438 9826
439 9858
439 9714
439 9578
439 9762
440 9572
440 9546
440 9650
440 9535
441 9631
441 9644
441 9725
441 9528
442 9605
442 9545
442 9565
442 9535
443 9710
444 9536
444 9684
444 9529
445 9561
445 9836
445 9529
445 9669
445 9578
446 9529
446 9777
446 9704
446 9631
446 9574
447 9684
447 9669
447 9788
447 9530
448 9699
448 9787
448 9777
448 9821
449 9551
449 9574
450 9529
450 9836
450 9578
450 9859
450 9526
451 9549
451 9803
452 9563
452 9710
453 9529
453 9574
453 9850
453 9584
454 9725
455 9529
455 9639
456 9678
456 9563
456 9854
457 9818
457 9658
457 9674
458 9854
458 9631
459 9654
459 9725
459 9529
460 9699
460 9669
460 9836
461 9860
461 9755
461 9777
462 9600
462 9669
462 9648
463 9686
463 9569
463 9541
464 9545
464 9650
464 9644
464 9682
465 9583
465 9699
466 9710
466 9563
467 9569
467 9529
467 9684
467 9548
467 9569
468 9605
468 9584
468 9633
468 9684
469 9540
469 9526
469 9529
469 9684
470 9563
470 9669
470 9738
471 9570
471 9663
472 9563
472 9542
472 9569
473 9607
474 9854
474 9531
474 9669
475 9671
475 9542
475 9578
476 9625
476 9696
477 9585
477 9543
477 9561
478 9529
478 9563
478 9671
479 9535
479 9684
479 9669
479 9859
480 9785
480 9654
480 9620
481 9859
481 9836
481 9585
481 9529
481 9529
482 9631
482 9804
482 9533
482 9625
483 9710
483 9545
484 9648
484 9578
484 9620
485 9859
485 9854
485 9577
485 9653
486 9804
486 9533
486 9854
486 9756
487 9542
487 9799
487 9669
487 9669
488 9854
488 9606
488 9561
489 9803
489 9681
489 9536
489 9859
490 9529
490 9645
490 9529
491 9529
491 9535
491 9800
491 9669
491 9583
492 9542
492 9671
492 9858
493 9669
493 9632
493 9699
493 9530
494 9836
494 9824
494 9803
495 9551
495 9599
495 9836
496 9732
496 9738
497 9850
497 9540
497 9578
498 9561
498 9794
499 9669
499 9669
499 9563
500 9542
500 9583
500 9575
501 9541
501 9550
501 9606
501 9536
502 9529
502 9578
502 9535
503 9709
503 9645
504 9669
504 9572
504 9596
505 9696
505 9650
506 9561
507 9530
507 9537
508 9526
508 9667
508 9809
509 9859
509 9774
509 9578
509 9835
510 9535
510 9696
510 9608
510 9545
511 9818
513 9563
513 9794
513 9543
514 9696
514 9605
514 9874
515 9543
515 9669
515 9671
515 9578
516 9699
516 9532
516 9684
517 9684
517 9669
517 9874
517 9760
518 9578
518 9541
518 9526
518 9707
519 9684
519 9530
520 9816
520 9800
520 9578
521 9731
521 9540
522 9560
523 9535
524 9650
524 9644
525 9691
526 9526
526 9648
527 9684
527 9631
527 9674
527 9605
527 9634
528 9529
528 9669
528 9606
529 9637
529 9542
530 9536
530 9738
530 9669
530 9563
531 9671
531 9731
531 9674
532 9658
532 9535
532 9854
532 9551
533 9649
534 9696
535 9602
536 9858
536 9631
536 9709
536 9538
537 9788
537 9829
538 9858
538 9583
538 9850
539 9669
539 9529
539 9606
540 9529
540 9526
541 9554
542 9699
542 9569
543 9803
543 9684
544 9648
544 9732
545 9649
545 9664
546 9645
546 9574
546 9529
546 9669
547 9716
548 9669
548 9669
549 9684
549 9529
549 9665
550 9663
550 9604
550 9854
551 9532
552 9578
552 9533
552 9529
553 9529
553 9818
553 9850
553 9540
554 9535
554 9573
554 9551
554 9551
555 9549
556 9800
557 9574
557 9633
557 9531
558 9541
558 9578
559 9669
560 9789
560 9529
560 9595
560 9648
561 9874
562 9549
562 9631
562 9648
564 9578
564 9529
565 9529
565 9859
566 9551
566 9809
567 9569
567 9859
567 9585
567 9696
568 9723
568 9723
568 9545
569 9777
569 9574
569 9538
569 9686
570 9750
570 9553
570 9794
571 9577
571 9658
571 9850
572 9669
572 9533
573 9678
573 9529
573 9532
574 9648
574 9836
575 9669
575 9738
575 9644
576 9648
576 9684
576 9545
577 9669
578 9664
578 9553
579 9725
579 9802
579 9607
579 9563
580 9664
580 9545
580 9578
580 9644
581 9578
581 9568
581 9585
581 9836
582 9526
582 9667
582 9591
583 9650
583 9631
583 9583
584 9669
584 9648
585 9549
585 9589
585 9799
586 9529
586 9591
587 9645
588 9669
589 9707
590 9551
590 9669
590 9788
591 9684
591 9777
592 9577
592 9534
592 9526
593 9535
593 9649
594 9529
594 9549
594 9564
595 9663
595 9578
595 9529
595 9696
596 9550
597 9842
597 9794
597 9563
597 9605
598 9653
598 9809
598 9577
599 9530
599 9545
599 9546
600 9804
601 9859
601 9625
602 9574
603 9707
604 9529
604 9551
604 9536
605 9535
605 9631
605 9545
606 9684
606 9637
607 9664
607 9541
607 9684
608 9674
608 9578
608 9529
609 9563
609 9540
609 9684
610 9551
610 9529
611 9541
611 9529
612 9569
612 9826
612 9536
612 9531
613 9574
614 9529
615 9664
615 9691
615 9529
615 9699
616 9578
617 9836
617 9648
617 9669
618 9540
618 9854
618 9667
619 9667
619 9648
619 9731
619 9533
620 9644
620 9566
620 9576
621 9537
621 9631
622 9535
622 9854
623 9631
624 9576
624 9529
625 9569
626 9827
627 9707
627 9653
627 9530
627 9542
628 9699
629 9606
629 9669
630 9545
630 9788
630 9811
630 9529
631 9678
631 9816
631 9794
632 9574
632 9526
632 9674
633 9529
633 9710
633 9535
634 9738
634 9556
635 9578
635 9650
635 9551
636 9696
637 9836
637 9644
637 9633
637 9710
638 9818
638 9574
638 9554
639 9650
639 9684
640 9542
640 9699
640 9625
641 9650
641 9548
641 9761
641 9818
642 9606
642 9529
643 9761
643 9854
644 9578
646 9654
647 9535
647 9578
648 9563
648 9574
648 9650
649 9667
649 9535
650 9535
650 9625
650 9654
650 9874
650 9529
651 9535
651 9669
652 9555
652 9574
652 9669
653 9648
653 9535
653 9648
654 9529
654 9699
654 9664
656 9669
656 9854
656 9658
656 9816
657 9648
657 9669
658 9696
658 9540
658 9625
659 9669
659 9569
659 9648
659 9529
660 9854
661 9547
662 9696
662 9836
662 9532
663 9782
664 9684
664 9539
664 9667
664 9634
665 9818
665 9650
665 9578
665 9804
666 9631
666 9605
667 9650
667 9574
668 9671
668 9684
668 9577
668 9583
669 9785
669 9529
669 9673
669 9691
670 9574
670 9549
670 9816
671 9657
671 9669
672 9649
672 9605
672 9658
673 9648
673 9658
673 9854
674 9827
674 9577
674 9530
674 9578
675 9585
675 9528
675 9551
675 9625
677 9545
677 9650
678 9664
679 9529
680 9551
680 9529
681 9557
682 9664
682 9551
682 9827
683 9534
683 9539
684 9731
684 9532
685 9574
685 9546
685 9569
686 9545
686 9631
687 9803
687 9535
687 9815
688 9666
690 9826
690 9644
691 9540
691 9620
692 9650
693 9699
693 9549
694 9836
694 9529
695 9585
696 9530
696 9667
697 9782
697 9575
698 9653
698 9542
698 9684
699 9859
699 9548
700 9842
702 9674
702 9529
702 9578
702 9598
703 9540
703 9536
703 9544
703 9645
704 9529
705 9854
705 9529
705 9549
705 9699
705 9530
706 9732
707 9650
708 9743
708 9699
709 9540
710 9760
710 9533
711 9547
711 9551
712 9816
713 9548
713 9545
714 9607
714 9631
714 9600
714 9868
715 9578
715 9788
716 9631
716 9653
716 9529
716 9563
717 9658
717 9540
717 9669
718 9836
718 9664
720 9684
721 9684
721 9633
721 9530
722 9577
722 9645
722 9545
723 9550
723 9669
724 9577
724 9854
725 9538
725 9606
725 9563
725 9529
726 9529
726 9604
727 9529
727 9526
728 9650
728 9551
729 9696
729 9563
729 9631
730 9874
730 9649
731 9606
731 9532
732 9542
732 9561
733 9583
734 9625
734 9540
735 9669
735 9815
735 9578
736 9645
737 9699
737 9672
737 9558
738 9854
739 9738
740 9625
740 9578
740 9547
741 9684
741 9674
741 9529
742 9610
742 9551
742 9541
742 9682
743 9530
744 9550
744 9669
744 9637
745 9756
745 9710
746 9669
746 9604
746 9650
747 9608
747 9529
747 9583
748 9548
748 9698
750 9536
750 9533
750 9540
750 9669
751 9631
751 9555
752 9583
752 9699
753 9682
754 9696
754 9535
755 9669
755 9862
756 9645
756 9625
757 9836
757 9625
757 9533
757 9667
758 9544
758 9818
759 9575
759 9574
760 9803
762 9699
762 9610
762 9696
762 9579
763 9529
763 9569
763 9539
763 9555
764 9540
764 9669
765 9669
766 9648
766 9585
767 9532
767 9648
767 9547
767 9540
768 9650
768 9645
768 9684
768 9545
769 9578
769 9639
769 9565
769 9648
771 9569
771 9696
771 9669
771 9631
772 9637
772 9696
772 9606
773 9625
774 9529
774 9684
774 9574
775 9574
775 9740
777 9707
778 9605
778 9648
778 9528
778 9738
779 9526
779 9533
779 9529
779 9669
780 9836
780 9529
780 9574
780 9794
781 9736
781 9529
782 9591
782 9803
782 9526
782 9607
783 9696
784 9605
784 9723
784 9620
785 9578
786 9568
786 9574
786 9541
787 9818
787 9723
788 9631
789 9561
789 9548
789 9551
789 9859
790 9650
790 9529
790 9664
790 9702
791 9551
791 9563
791 9787
791 9664
792 9671
792 9551
792 9569
792 9669
793 9608
793 9625
793 9804
794 9578
794 9710
795 9669
795 9606
796 9542
796 9699
797 9854
797 9529
797 9544
798 9585
798 9696
798 9699
799 9648
800 9571
801 9633
802 9542
802 9664
803 9566
803 9606
804 9570
805 9578
805 9545
805 9563
806 9604
806 9811
806 9529
806 9649
807 9551
807 9625
807 9563
809 9679
809 9637
810 9650
811 9542
811 9539
812 9529
812 9529
813 9540
813 9684
814 9625
815 9836
815 9669
815 9667
816 9702
816 9532
817 9648
818 9669
820 9836
822 9696
822 9684
823 9684
823 9684
823 9667
823 9535
824 9794
824 9684
824 9532
825 9605
826 9563
826 9574
826 9669
827 9542
827 9589
828 9549
829 9563
829 9669
829 9723
830 9540
831 9535
831 9669
831 9732
832 9669
832 9836
833 9669
833 9648
834 9645
834 9540
834 9547
835 9648
836 9854
837 9818
837 9549
837 9533
838 9529
838 9710
838 9803
838 9540
838 9658
839 9577
839 9803
839 9859
840 9595
840 9583
840 9529
840 9671
841 9571
841 9537
841 9526
842 9561
843 9549
843 9529
843 9645
844 9854
845 9669
845 9574
845 9529
845 9540
846 9820
846 9794
846 9563
847 9633
848 9654
848 9678
848 9533
850 9710
850 9667
851 9699
851 9529
852 9535
852 9545
852 9645
852 9526
853 9549
854 9535
855 9859
855 9563
856 9529
856 9529
856 9545
856 9669
857 9760
857 9548
857 9699
858 9669
858 9549
858 9777
860 9709
860 9631
861 9850
861 9605
862 9555
862 9854
862 9649
862 9674
863 9850
863 9631
864 9600
866 9850
867 9529
867 9529
867 9669
868 9850
868 9563
868 9815
869 9859
869 9804
870 9865
870 9574
870 9529
871 9648
871 9674
871 9546
873 9547
874 9543
875 9684
875 9854
876 9563
876 9731
876 9540
877 9561
877 9574
878 9684
879 9548
880 9673
880 9563
881 9648
881 9633
881 9579
882 9543
882 9550
883 9545
883 9563
883 9550
884 9574
884 9542
884 9816
884 9550
885 9530
885 9774
886 9570
887 9732
887 9750
887 9575
888 9794
888 9663
888 9570
889 9854
889 9669
889 9548
889 9529
890 9653
890 9529
891 9658
891 9850
891 9568
891 9593
892 9686
892 9633
892 9583
893 9671
893 9774
894 9820
894 9732
895 9555
896 9545
896 9578
897 9854
897 9543
897 9669
897 9529
898 9529
898 9684
898 9696
898 9637
899 9530
899 9669
899 9667
901 9543
901 9673
902 9664
902 9650
902 9529
902 9540
903 9578
903 9543
904 9535
904 9653
905 9535
906 9529
906 9854
906 9669
907 9605
907 9677
907 9696
907 9859
908 9650
909 9537
909 9761
909 9684
910 9648
911 9638
911 9663
912 9578
912 9671
913 9529
913 9669
914 9660
914 9554
915 9664
915 9750
915 9650
917 9799
917 9710
918 9824
918 9608
919 9564
919 9684
919 9578
920 9799
920 9674
920 9579
921 9803
921 9537
921 9664
922 9669
922 9864
922 9687
922 9654
922 9669
923 9529
923 9669
924 9577
924 9605
925 9669
925 9787
926 9616
927 9707
927 9569
928 9696
928 9574
929 9740
929 9631
929 9669
930 9671
930 9682
931 9789
931 9529
931 9669
932 9535
932 9551
932 9591
932 9539
933 9671
933 9850
933 9631
935 9669
935 9541
936 9620
936 9529
936 9667
937 9534
937 9663
938 9605
938 9854
938 9667
939 9578
939 9858
939 9564
939 9663
940 9529
940 9672
941 9642
941 9650
941 9564
942 9663
942 9679
942 9669
942 9529
943 9799
943 9574
943 9616
943 9645
944 9663
944 9529
945 9696
945 9556
945 9537
946 9663
947 9551
947 9529
947 9684
948 9633
949 9530
949 9542
949 9529
949 9633
950 9710
950 9569
950 9859
950 9548
951 9788
951 9540
951 9723
951 9607
952 9633
952 9833
952 9854
953 9678
953 9563
953 9540
954 9548
954 9725
954 9851
955 9605
956 9535
956 9631
956 9537
957 9854
958 9732
958 9750
959 9554
959 9854
960 9669
960 9606
960 9667
960 9835
961 9673
961 9631
961 9777
962 9529
963 9663
963 9534
963 9815
964 9664
964 9736
964 9563
965 9551
965 9725
966 9684
967 9586
968 9535
968 9625
968 9606
969 9669
969 9650
969 9732
970 9529
971 9543
971 9616
971 9663
972 9671
973 9574
973 9563
975 9827
975 9785
975 9539
976 9535
976 9644
977 9548
978 9551
979 9684
979 9537
980 9563
980 9835
980 9664
981 9743
981 9671
981 9529
982 9540
982 9529
982 9540
983 9710
983 9578
983 9854
984 9827
985 9542
985 9631
986 9566
986 9653
986 9530
987 9750
987 9707
987 9533
988 9723
988 9760
988 9644
989 9648
989 9667
990 9683
990 9578
990 9529
990 9529
991 9611
991 9578
992 9684
992 9627
992 9800
993 9686
993 9578
993 9540
993 9591
994 9548
995 9850
995 9648
996 9731
996 9702
996 9578
997 9529
997 9854
997 9684
997 9532
998 9577
998 9653
999 9543
999 9574
1000 9738
1000 9816
1000 9536
1001 9549
1001 9678
1001 9865
1002 9551
1003 9606
1003 9699
1003 9850
1004 9574
1005 9803
1005 9631
1005 9549
1006 9600
1006 9682
1006 9529
1007 9574
1007 9653
1008 9684
1008 9540
1009 9664
1009 9557
1009 9563
1010 9589
1011 9529
1011 9529
1011 9669
1011 9573
1012 9669
1012 9533
1012 9605
1013 9684
1013 9533
1013 9669
1014 9854
1014 9818
1014 9564
1014 9605
1015 9529
1015 9554
1015 9671
1016 9546
1017 9535
1017 9533
1017 9859
1017 9804
1018 9563
1018 9794
1019 9566
1020 9864
1020 9826
1021 9575
1022 9578
1023 9678
1024 9526
1024 9529
1024 9577
1024 9669
1025 9574
1025 9674
1025 9671
1025 9648
1026 9699
1026 9748
1027 9550
1028 9650
1028 9606
1028 9563
1028 9750
1029 9804
1030 9650
1030 9531
1031 9794
1031 9850
1031 9654
1032 9561
1032 9545
1032 9632
1033 9548
1033 9669
1033 9537
1033 9549
1034 9653
1034 9787
1034 9732
1034 9529
1035 9669
1035 9563
1035 9653
1035 9631
1036 9598
1036 9762
1036 9672
1036 9696
1036 9854
1037 9529
1037 9589
1038 9658
1038 9540
1038 9605
1038 9818
1038 9599
1039 9803
1039 9563
1039 9648
1040 9710
1040 9648
1040 9565
1041 9636
1041 9667
1042 9818
1042 9644
1042 9854
1043 9633
1044 9803
1044 9644
1044 9696
1044 9699
1045 9561
1045 9599
1045 9625
1046 9526
1046 9644
1047 9818
1047 9530
1047 9699
1048 9827
1049 9537
1049 9530
1049 9529
1049 9529
1051 9606
1052 9671
1052 9673
1052 9794
1053 9565
1053 9854
1054 9650
1054 9578
1055 9669
1055 9816
1056 9850
1056 9835
1056 9529
1056 9648
1057 9794
1057 9649
1058 9536
1058 9815
1058 9545
1059 9570
1059 9667
1059 9671
1059 9696
1059 9529
1060 9803
1060 9578
1060 9530
1060 9697
1061 9654
1061 9669
1062 9669
1062 9554
1062 9836
1063 9699
1063 9669
1063 9634
1064 9678
1064 9669
1065 9578
1065 9555
1065 9671
1065 9658
1066 9654
1066 9785
1067 9761
1067 9671
1067 9551
1067 9669
1068 9859
1068 9735
1068 9633
1069 9545
1069 9532
1070 9850
1070 9811
1071 9678
1071 9671
1072 9530
1072 9815
1072 9574
1072 9787
1073 9578
1073 9732
1074 9650
1074 9535
1074 9529
1074 9574
1075 9638
1075 9570
1075 9678
1076 9578
1076 9644
1076 9669
1077 9542
1077 9610
1078 9599
1078 9682
1078 9836
1078 9696
1079 9575
1079 9634
1080 9600
1081 9545
1081 9859
1082 9545
1082 9854
1082 9549
1084 9699
1084 9536
1084 9530
1084 9699
1085 9574
1085 9669
1086 9530
1086 9529
1087 9645
1087 9650
1087 9858
1088 9650
1088 9850
1088 9554
1089 9854
1089 9699
1089 9684
1089 9785
1090 9667
1090 9803
1091 9650
1092 9605
1092 9534
1092 9550
1092 9824
1093 9644
1093 9650
1094 9697
1094 9529
1095 9536
1095 9699
1095 9850
1096 9535
1096 9529
1096 9531
1097 9859
1097 9574
1097 9736
1097 9529
1098 9529
1098 9649
1098 9756
1098 9578
1099 9803
1099 9605
1100 9578
1100 9545
1100 9684
1100 9535
1100 9631
1101 9707
1101 9578
1102 9533
1102 9578
1103 9645
1103 9533
1103 9698
1104 9573
1104 9554
1104 9664
1105 9529
1105 9529
1106 9650
1106 9577
1107 9583
1107 9539
1109 9760
1109 9565
1110 9529
1110 9570
1110 9847
1111 9648
1111 9574
1111 9669
1112 9669
1112 9599
1112 9782
1113 9634
1113 9529
1114 9650
1115 9529
1115 9667
1115 9649
1116 9551
1116 9535
1116 9667
1117 9578
1117 9694
1117 9529
1117 9816
1118 9538
1118 9686
1118 9740
1119 9740
1120 9824
1121 9696
1121 9803
1121 9577
1122 9684
1122 9785
1123 9818
1123 9536
1124 9585
1125 9586
1125 9563
1125 9529
1126 9526
1126 9591
1126 9649
1126 9650
1127 9669
1127 9667
1128 9667
1129 9645
1129 9854
1129 9529
1130 9803
1130 9535
1131 9684
1131 9854
1131 9645
1132 9535
1134 9669
1134 9543
1135 9836
1135 9699
1136 9696
1136 9550
1137 9600
1137 9529
1137 9550
1138 9858
1138 9551
1138 9699
1138 9669
1139 9530
1139 9678
1139 9669
1140 9577
1140 9529
1141 9573
1141 9731
1141 9599
1142 9585
1142 9579
1142 9542
1143 9854
1143 9578
1143 9529
1144 9847
1144 9854
1145 9578
1145 9578
1145 9563
1146 9529
1146 9529
1148 9667
1148 9669
1148 9738
1149 9650
1149 9669
1149 9835
1149 9634
1149 9570
1150 9541
1150 9577
1151 9669
1151 9755
1152 9755
1152 9539
1152 9816
1152 9854
1153 9578
1153 9537
1153 9529
1154 9605
1154 9699
1154 9578
1154 9607
1155 9578
1155 9578
1155 9529
1157 9816
1157 9634
1157 9561
1157 9667
1158 9645
1158 9535
1158 9605
1158 9545
1159 9672
1159 9533
1160 9644
1160 9561
1160 9738
1161 9607
1161 9731
1161 9644
1162 9598
1162 9684
1162 9723
1163 9600
1163 9606
1163 9577
1163 9540
1164 9667
1164 9556
1165 9534
1165 9660
1165 9707
1166 9531
1166 9633
1166 9637
1166 9625
1166 9631
1167 9600
1167 9816
1167 9531
1167 9542
1168 9874
1168 9555
1168 9725
1169 9836
1169 9578
1170 9638
1170 9835
1170 9548
1171 9606
1171 9578
1171 9540
1171 9575
1171 9645
1172 9578
1172 9606
1172 9565
1173 9804
1173 9526
1174 9678
1174 9578
1174 9542
1175 9620
1176 9697
1177 9574
1177 9816
1178 9530
1178 9854
1178 9606
1179 9696
1179 9788
1179 9526
1179 9578
1179 9631
1180 9669
1180 9669
1180 9785
1181 9854
1181 9644
1181 9568
1182 9631
1182 9529
1182 9740
1182 9691
1182 9555
1183 9650
1185 9699
1185 9827
1186 9669
1186 9529
1186 9684
1187 9649
1187 9545
1187 9654
1187 9532
1188 9633
1188 9529
1188 9696
1188 9543
1189 9530
1190 9540
1190 9529
1190 9696
1190 9542
1191 9530
1191 9610
1191 9586
1192 9529
1192 9859
1192 9710
1193 9551
1193 9818
1193 9586
1194 9645
1194 9671
1194 9858
1195 9543
1195 9707
1196 9577
1197 9535
1197 9859
1197 9678
1197 9682
1198 9738
1199 9811
1199 9571
1199 9551
1199 9551
1200 9529
1200 9539
1201 9678
1201 9669
1201 9723
1202 9540
1202 9529
1202 9649
1203 9782
1203 9553
1204 9549
1204 9540
1204 9648
1205 9658
1205 9536
1205 9820
1206 9699
1207 9530
1207 9528
1207 9648
1208 9631
1208 9585
1209 9591
1209 9684
1210 9658
1210 9545
1210 9678
1210 9673
1210 9606
1211 9551
1211 9526
1211 9674
1212 9669
1212 9671
1212 9563
1213 9542
1214 9563
1214 9745
1214 9529
1214 9716
1215 9653
1215 9650
1216 9710
1217 9710
1217 9669
1217 9667
1217 9650
1218 9530
1219 9574
1219 9568
1219 9678
1220 9648
1221 9529
1221 9555
1222 9818
1222 9669
1223 9529
1223 9854
1224 9532
1224 9710
1224 9599
1225 9650
1225 9738
1225 9605
1226 9803
1226 9529
1226 9558
1226 9859
1227 9526
1227 9578
1228 9710
1228 9794
1228 9543
1228 9671
1229 9859
1229 9540
1229 9542
1229 9530
1230 9653
1230 9818
1230 9526
1231 9738
1231 9583
1231 9854
1231 9706
1231 9653
1233 9836
1233 9850
1233 9542
1233 9574
1234 9605
1234 9732
1235 9584
1235 9578
1235 9660
1236 9684
1237 9699
1237 9530
1238 9555
1238 9696
1239 9696
1239 9563
1240 9650
1240 9669
1240 9529
1241 9669
1241 9529
1241 9699
1242 9536
1242 9653
1242 9542
1242 9738
1243 9529
1243 9788
1243 9707
1243 9529
1244 9631
1244 9683
1244 9578
1245 9529
1245 9563
1245 9545
1245 9803
1246 9537
1246 9854
1247 9684
1247 9606
1248 9803
1249 9574
1249 9563
1249 9847
1250 9667
1250 9816
1250 9543
1250 9540
1251 9664
1251 9526
1251 9558
1252 9645
1252 9707
1252 9545
1252 9669
1253 9836
1253 9543
1254 9540
1254 9540
1254 9816
1254 9553
1255 9633
1255 9563
1255 9710
1255 9650
1256 9826
1256 9563
1256 9684
1256 9684
1257 9578
1257 9606
1257 9669
1258 9583
1258 9750
1258 9551
1259 9678
1259 9578
1260 9526
1260 9671
1260 9529
1260 9653
1261 9803
1261 9674
1261 9854
1261 9816
1262 9607
1262 9530
1262 9584
1262 9847
1263 9548
1263 9804
1263 9529
1263 9696
1263 9573
1264 9669
1264 9644
1265 9636
1266 9836
1266 9669
1266 9691
1267 9526
1267 9596
1268 9563
1269 9788
1269 9563
1269 9545
1269 9723
1270 9653
1270 9850
1270 9858
1271 9829
1271 9684
1272 9669
1272 9645
1273 9539
1274 9529
1274 9710
1274 9859
1275 9631
1275 9762
1276 9575
1277 9684
1277 9788
1277 9529
1277 9803
1277 9578
1278 9667
1278 9529
1278 9578
1278 9648
1279 9577
1280 9578
1280 9572
1280 9859
1280 9684
1281 9542
1281 9699
1282 9803
1282 9607
1283 9671
1283 9537
1283 9551
1283 9529
1284 9686
1284 9669
1284 9696
1285 9589
1285 9760
1285 9669
1286 9650
1286 9682
1286 9529
1287 9645
1288 9836
1289 9653
1289 9648
1290 9529
1290 9854
1291 9551
1291 9674
1291 9696
1291 9710
1292 9842
1292 9532
1293 9532
1293 9555
1293 9540
1294 9859
1294 9563
1294 9529
1295 9645
1296 9583
1296 9648
1296 9829
1296 9529
1297 9859
1297 9591
1298 9529
1298 9529
1300 9551
1300 9836
1301 9529
1301 9755
1301 9859
1301 9650
1302 9648
1303 9748
1303 9537
1304 9671
1304 9583
1304 9529
1305 9529
1305 9684
1305 9539
1305 9850
1306 9542
1307 9650
1307 9794
1307 9731
1308 9645
1309 9650
1309 9540
1309 9529
1310 9684
1310 9532
1310 9669
1311 9605
1311 9602
1311 9532
1311 9529
1311 9606
1312 9669
1312 9874
1312 9532
1312 9543
1313 9540
1313 9658
1313 9529
1314 9546
1314 9529
1314 9835
1314 9632
1314 9607
1315 9540
1315 9541
1315 9625
1316 9696
1316 9731
1316 9673
1317 9821
1318 9599
1319 9650
1319 9707
1319 9540
1319 9532
1320 9547
1320 9710
1320 9529
1321 9699
1321 9653
1322 9672
1322 9633
1322 9574
1323 9707
1323 9650
1323 9836
1324 9684
1324 9607
1324 9540
1325 9541
1325 9669
1326 9794
1327 9650
1327 9854
1327 9648
1328 9710
1328 9731
1328 9854
1329 9565
1330 9664
1330 9860
1330 9529
1331 9731
1331 9699
1332 9530
1332 9761
1332 9738
1333 9679
1333 9699
1335 9535
1335 9854
1336 9645
1336 9544
1337 9578
1337 9554
1337 9660
1339 9529
1339 9803
1340 9536
1340 9530
1340 9669
1341 9540
1342 9529
1343 9529
1343 9604
1343 9563
1343 9710
1344 9854
1344 9577
1345 9666
1345 9535
1345 9710
1346 9669
1346 9669
1347 9699
1348 9650
1348 9777
1348 9526
1349 9566
1349 9648
1350 9669
1350 9654
1350 9732
1350 9535
1350 9669
1351 9723
1351 9600
1352 9531
1352 9669
1352 9827
1353 9699
1355 9537
1355 9554
1355 9578
1356 9529
1356 9669
1356 9850
1357 9542
1357 9566
1358 9631
1359 9716
1359 9616
1360 9529
1360 9740
1360 9684
1361 9530
1362 9542
1362 9533
1362 9836
1362 9788
1363 9531
1364 9738
1364 9664
1365 9645
1365 9545
1366 9804
1367 9578
1367 9563
1368 9529
1368 9657
1368 9620
1369 9858
1369 9583
1370 9535
1370 9566
1370 9664
1371 9669
1371 9545
1372 9667
1372 9678
1372 9669
1373 9625
1373 9653
1374 9650
1374 9636
1374 9654
1374 9563
1375 9666
1375 9710
1376 9731
1376 9750
1376 9854
1377 9653
1377 9694
1378 9826
1378 9540
1378 9667
1379 9548
1379 9540
1380 9540
1380 9650
1380 9529
1381 9535
1381 9835
1382 9755
1383 9755
1383 9699
1384 9578
1384 9648
1384 9648
1384 9526
1385 9540
1386 9667
1387 9650
1387 9540
1387 9669
1387 9669
1387 9579
1388 9539
1388 9578
1389 9648
1389 9648
1390 9761
1390 9782
1390 9532
1390 9854
1391 9662
1391 9669
1391 9555
1392 9535
1392 9669
1393 9577
1393 9526
1393 9631
1394 9578
1394 9854
1396 9541
1396 9648
1396 9704
1396 9607
1397 9731
1397 9667
1397 9725
1397 9699
1398 9854
1398 9542
1398 9673
1399 9578
1399 9631
1400 9731
1400 9816
1401 9658
1401 9633
1402 9633
1403 9578
1403 9673
1403 9578
1404 9574
1404 9561
1404 9551
1404 9648
1405 9678
1405 9648
1405 9836
1406 9529
1406 9549
1407 9803
1407 9818
1408 9529
1408 9583
1408 9554
1408 9699
1409 9545
1409 9529
1409 9785
1410 9563
1410 9854
1410 9669
1411 9774
1411 9658
1411 9738
1412 9535
1412 9859
1412 9535
1413 9546
1413 9533
1413 9632
1414 9699
1415 9735
1417 9578
1417 9529
1417 9526
1418 9529
1418 9529
1419 9803
1419 9537
1420 9537
1420 9633
1420 9537
1421 9599
1421 9854
1421 9537
1422 9532
1422 9648
1422 9548
1422 9696
1423 9534
1423 9537
1424 9633
1424 9667
1424 9818
1425 9549
1425 9854
1426 9574
1426 9568
1427 9554
1427 9563
1427 9859
1428 9529
1428 9545
1428 9606
1428 9665
1429 9625
1429 9667
1430 9526
1430 9669
1430 9650
1431 9574
1431 9736
1431 9725
1432 9654
1432 9650
1432 9529
1432 9684
1433 9648
1433 9533
1433 9836
1434 9650
1434 9529
1435 9850
1436 9633
1436 9570
1436 9554
1437 9585
1437 9529
1438 9818
1438 9556
1438 9850
1439 9548
1439 9696
1440 9574
1440 9633
1440 9529
1441 9556
1441 9605
1442 9604
1442 9542
1442 9684
1443 9669
1443 9818
1443 9570
1443 9583
1445 9671
1445 9859
1446 9733
1447 9669
1448 9529
1448 9671
1449 9694
1449 9574
1449 9585
1449 9529
1450 9671
1450 9788
1450 9605
1450 9529
1451 9811
1451 9631
1451 9696
1451 9631
1452 9533
1452 9733
1453 9551
1453 9534
1453 9530
1454 9556
1454 9578
1454 9803
1455 9667
1455 9697
1455 9568
1455 9650
1455 9649
1456 9800
1456 9654
1456 9583
1457 9589
1457 9583
1457 9529
1458 9639
1458 9667
1459 9583
1459 9583
1459 9534
1460 9585
1460 9678
1460 9631
1460 9578
1461 9710
1461 9555
1461 9585
1462 9545
1462 9842
1462 9578
1463 9658
1463 9814
1463 9710
1463 9544
1464 9658
1465 9541
1465 9604
1465 9577
1466 9554
1467 9671
1467 9532
1467 9592
1467 9820
1468 9738
1469 9529
1469 9545
1469 9750
1470 9529
1470 9854
1470 9707
1470 9761
1471 9535
1472 9579
1472 9533
1472 9667
1472 9605
1473 9664
1473 9710
1474 9549
1474 9563
1475 9530
1475 9583
1475 9563
1475 9637
1476 9542
1477 9578
1477 9606
1477 9543
1477 9531
1478 9696
1478 9574
1479 9529
1479 9667
1479 9563
1480 9578
1480 9578
1480 9578
1480 9529
1480 9529
1481 9674
1481 9545
1481 9576
1481 9554
1482 9620
1483 9537
1484 9650
1484 9548
1484 9548
1484 9709
1485 9531
1486 9578
1487 9529
1487 9605
1488 9576
1489 9683
1489 9638
1489 9697
1490 9579
1490 9633
1491 9788
1491 9733
1491 9678
1493 9574
1493 9803
1493 9664
1494 9547
1495 9530
1495 9563
1495 9678
1496 9669
1496 9634
1496 9736
1496 9578
1496 9725
1497 9799
1497 9816
1498 9650
1498 9736
1498 9648
1499 9542
1499 9529
1500 9669
1501 9650
1501 9578
1501 9533
1502 9545
1503 9707
1503 9667
1503 9566
1504 9574
1504 9578
1504 9642
1505 9571
1505 9777
1505 9577
1506 9544
1506 9731
1507 9671
1507 9533
1508 9529
1508 9535
1508 9591
1508 9627
1509 9694
1509 9585
1509 9561
1509 9585
1510 9541
1510 9545
1510 9667
1511 9725
1511 9669
1511 9534
1511 9549
1512 9545
1512 9648
1512 9696
1513 9650
1513 9631
1513 9529
1514 9824
1514 9669
1515 9551
1515 9669
1516 9674
1516 9529
1516 9859
1516 9574
1517 9529
1517 9529
1517 9673
1517 9738
1518 9633
1519 9669
1519 9648
1521 9535
1521 9569
1521 9566
1522 9539
1522 9683
1523 9555
1524 9669
1524 9561
1525 9633
1525 9564
1525 9777
1526 9777
1526 9816
1526 9577
1526 9586
1526 9537
1527 9816
1527 9811
1528 9684
1528 9650
1528 9645
1529 9529
1530 9650
1530 9568
1530 9762
1530 9669
1532 9606
1532 9710
1532 9591
1533 9669
1533 9671
1533 9669
1533 9649
1534 9529
1535 9669
1535 9547
1535 9530
1536 9648
1536 9591
1536 9574
1537 9578
1537 9569
1537 9842
1538 9554
1538 9854
1538 9731
1539 9578
1539 9667
1539 9671
1540 9606
1540 9529
1540 9707
1541 9563
1541 9803
1542 9578
1542 9529
1543 9578
1544 9532
1544 9532
1544 9593
1545 9683
1545 9541
1545 9583
1545 9650
1546 9574
1546 9605
1546 9788
1546 9654
1546 9678
1547 9529
1547 9684
1547 9803
1547 9788
1547 9788
1548 9858
1548 9532
1548 9532
1548 9577
1549 9526
1550 9529
1550 9607
1550 9545
1551 9874
1551 9589
1552 9529
1552 9811
1552 9563
1553 9669
1553 9669
1553 9648
1553 9669
1553 9574
1554 9772
1554 9604
1554 9827
1555 9535
1556 9725
1557 9803
1557 9574
1557 9678
1558 9847
1558 9673
1558 9682
1558 9526
1559 9555
1559 9529
1559 9548
1559 9540
1559 9541
1560 9578
1560 9568
1560 9634
1561 9678
1561 9585
1561 9563
1561 9579
1562 9632
1562 9625
1562 9710
1562 9608
1563 9554
1563 9585
1563 9535
1564 9669
1564 9710
1565 9818
1565 9811
1566 9607
1566 9535
1568 9696
1568 9804
1568 9529
1569 9648
1569 9772
1569 9529
1570 9529
1570 9710
1571 9684
1571 9669
1571 9631
1571 9755
1572 9686
1572 9650
1572 9535
1572 9564
1573 9549
1573 9526
1574 9807
1574 9535
1574 9732
1575 9827
1575 9583
1575 9755
1576 9593
1576 9696
1576 9534
1577 9650
1577 9731
1578 9760
1578 9854
1579 9610
1579 9833
1579 9545
1580 9534
1580 9535
1581 9578
1581 9858
1581 9574
1582 9540
1582 9535
1583 9540
1583 9669
1584 9669
1584 9683
1584 9669
1585 9824
1585 9564
1586 9529
1586 9684
1586 9529
1587 9578
1587 9568
1587 9669
1587 9529
1588 9551
1588 9543
1589 9860
1589 9669
1589 9667
1589 9529
1590 9551
1590 9583
1590 9537
1591 9654
1592 9735
1594 9666
1594 9648
1594 9578
1595 9859
1595 9563
1595 9529
1595 9669
1596 9563
1597 9536
1597 9631
1597 9585
1598 9536
1598 9543
1599 9548
1599 9735
1599 9556
1599 9631
1599 9548
1600 9548
1600 9650
1600 9574
1600 9537
