0 9800
0 9800
0 9585
1 9588
1 9530
2 9870
2 9550
2 9588
3 9585
3 9657
3 9633
5 9573
5 9643
6 9657
6 9678
6 9549
6 9844
7 9538
8 9678
8 9643
8 9555
9 9558
10 9529
10 9588
10 9700
10 9747
11 9587
11 9644
11 9797
12 9588
12 9588
12 9588
12 9588
13 9550
13 9581
13 9585
14 9668
14 9870
14 9636
14 9698
15 9701
15 9573
15 9722
15 9747
16 9834
16 9588
16 9556
17 9550
17 9549
17 9527
18 9870
18 9530
18 9560
19 9722
19 9556
20 9582
20 9549
21 9549
21 9546
22 9543
22 9558
22 9567
23 9537
23 9538
23 9678
24 9529
25 9657
25 9589
25 9834
26 9558
26 9704
26 9537
26 9550
27 9546
28 9526
29 9550
29 9532
29 9582
30 9627
30 9585
31 9543
31 9643
32 9644
32 9580
33 9550
33 9842
34 9568
34 9783
35 9530
35 9550
36 9534
36 9582
37 9567
37 9814
37 9558
38 9584
38 9550
38 9641
39 9537
39 9643
39 9842
40 9829
42 9678
42 9573
43 9706
43 9582
43 9790
43 9530
43 9739
44 9643
45 9739
45 9646
46 9722
47 9526
47 9538
48 9530
48 9530
48 9643
48 9704
49 9549
50 9585
50 9657
50 9530
51 9722
52 9641
52 9585
52 9870
52 9573
53 9657
53 9590
54 9647
54 9870
54 9866
55 9550
55 9866
55 9526
55 9678
56 9657
56 9706
56 9633
57 9726
57 9792
58 9643
58 9572
59 9581
60 9538
61 9625
62 9698
62 9556
62 9530
63 9696
63 9700
64 9582
64 9555
64 9567
65 9539
65 9546
65 9543
66 9842
66 9529
66 9589
66 9614
67 9797
67 9529
67 9574
68 9573
68 9526
69 9530
70 9584
70 9751
71 9573
72 9633
72 9627
72 9792
73 9549
73 9870
73 9783
74 9538
74 9643
74 9526
75 9574
75 9537
75 9590
75 9643
76 9538
76 9765
76 9580
77 9814
77 9811
78 9842
78 9572
78 9614
78 9842
79 9573
79 9728
79 9572
79 9643
80 9555
80 9529
80 9745
81 9860
82 9714
82 9526
83 9625
83 9834
84 9555
84 9765
85 9529
87 9870
87 9765
88 9533
88 9866
89 9581
89 9537
90 9538
90 9538
90 9834
90 9568
91 9811
91 9558
91 9657
92 9638
92 9625
92 9580
92 9549
93 9530
93 9567
93 9580
94 9529
94 9560
94 9550
95 9584
95 9657
96 9573
96 9550
96 9696
97 9657
97 9576
97 9576
98 9834
98 9550
98 9529
98 9576
99 9576
99 9638
99 9843
99 9558
100 9582
100 9529
102 9633
103 9844
103 9790
103 9538
104 9712
104 9526
104 9643
104 9554
105 9642
105 9588
106 9532
106 9636
107 9596
107 9646
107 9589
108 9554
108 9643
108 9726
109 9814
110 9550
111 9550
111 9538
112 9539
112 9657
113 9530
113 9573
114 9722
114 9642
114 9550
114 9539
115 9657
115 9539
116 9728
116 9814
116 9558
116 9550
117 9745
117 9870
117 9620
118 9588
118 9550
119 9657
119 9588
120 9620
120 9797
120 9797
120 9860
121 9636
121 9668
122 9530
122 9620
123 9668
123 9527
123 9538
124 9549
125 9574
127 9581
127 9585
127 9643
128 9581
129 9533
129 9739
130 9647
130 9573
131 9543
132 9572
132 9550
132 9550
133 9844
133 9546
133 9774
134 9588
135 9537
136 9534
136 9870
137 9543
138 9530
138 9588
138 9765
138 9526
139 9546
139 9601
140 9584
140 9608
141 9539
141 9538
141 9550
142 9572
142 9529
142 9614
142 9538
143 9701
143 9814
143 9558
144 9526
144 9550
145 9558
145 9558
146 9866
146 9657
147 9550
147 9704
147 9558
148 9546
149 9546
149 9573
149 9668
150 9657
150 9608
150 9657
151 9588
152 9657
152 9529
152 9870
153 9608
153 9558
154 9534
155 9774
155 9530
156 9549
157 9829
157 9601
158 9829
159 9558
159 9620
160 9567
160 9549
160 9549
161 9550
161 9751
161 9657
161 9530
162 9870
163 9633
163 9590
164 9529
164 9712
164 9550
165 9751
165 9596
166 9714
166 9644
167 9546
167 9538
168 9534
169 9643
170 9814
170 9538
171 9526
171 9765
172 9870
173 9657
174 9814
175 9582
175 9584
177 9587
178 9834
178 9843
179 9558
179 9585
179 9633
179 9589
180 9657
180 9601
180 9765
