1 9567
2 9704
2 9542
3 9611
3 9784
3 9562
4 9725
5 9562
5 9629
6 9704
6 9592
6 9804
6 9842
7 9542
7 9690
8 9784
8 9603
9 9557
10 9558
10 9570
10 9693
11 9715
11 9565
12 9700
12 9761
12 9700
13 9704
13 9830
13 9700
14 9706
14 9567
15 9638
15 9724
15 9628
16 9567
16 9567
16 9678
17 9704
17 9594
17 9719
17 9576
18 9567
19 9692
19 9620
20 9594
21 9529
21 9704
21 9594
21 9561
22 9811
22 9777
23 9529
23 9583
23 9804
23 9592
24 9731
24 9558
24 9784
24 9830
25 9704
25 9556
25 9693
26 9562
26 9529
26 9582
27 9605
27 9567
27 9670
27 9808
28 9784
28 9542
28 9690
29 9582
29 9635
29 9548
29 9784
30 9653
30 9873
30 9546
31 9784
32 9529
32 9526
32 9690
32 9529
33 9567
33 9548
34 9562
34 9609
34 9800
34 9674
35 9567
35 9704
36 9820
36 9731
37 9540
37 9529
37 9562
38 9731
39 9529
39 9690
40 9594
41 9565
41 9552
42 9589
42 9693
42 9693
43 9548
43 9746
43 9567
43 9741
44 9528
45 9741
45 9868
46 9618
46 9628
47 9690
48 9583
48 9640
48 9529
49 9535
49 9854
49 9594
49 9631
50 9575
50 9704
50 9567
51 9552
51 9620
52 9552
52 9693
53 9611
53 9811
53 9615
53 9724
54 9664
55 9704
55 9752
55 9690
56 9618
57 9526
58 9629
58 9620
58 9567
59 9583
59 9808
60 9690
60 9735
61 9568
62 9678
62 9567
63 9674
63 9663
63 9863
64 9548
64 9603
64 9540
65 9553
65 9561
66 9710
66 9704
66 9775
66 9739
67 9775
67 9752
68 9699
69 9567
70 9808
71 9693
71 9725
72 9552
72 9653
72 9631
73 9594
73 9800
74 9838
74 9690
74 9752
74 9690
75 9562
75 9529
75 9615
76 9690
76 9529
77 9529
77 9693
77 9808
78 9704
78 9567
78 9739
78 9704
79 9693
80 9603
80 9575
80 9554
81 9567
81 9633
81 9636
82 9562
82 9856
82 9548
83 9592
83 9704
83 9568
83 9751
84 9816
84 9603
84 9692
84 9628
85 9830
85 9775
85 9631
86 9567
86 9594
87 9735
88 9704
88 9634
89 9693
89 9529
89 9788
89 9555
90 9690
90 9704
90 9562
91 9693
91 9528
91 9562
91 9719
92 9542
92 9705
92 9568
92 9842
93 9542
93 9640
93 9529
94 9546
94 9558
95 9704
96 9664
96 9693
96 9552
96 9663
97 9609
97 9605
97 9605
98 9704
98 9775
98 9690
98 9605
99 9605
99 9705
99 9562
100 9558
102 9784
103 9618
103 9746
103 9583
104 9581
104 9690
104 9854
105 9629
105 9558
106 9635
106 9706
107 9571
107 9868
108 9620
108 9693
108 9752
109 9719
109 9719
109 9552
110 9528
110 9704
111 9784
111 9690
112 9553
112 9704
113 9640
113 9704
113 9693
114 9628
114 9618
114 9553
115 9611
115 9553
115 9699
116 9529
116 9816
116 9742
117 9554
117 9588
118 9816
118 9567
118 9570
119 9634
119 9600
120 9588
120 9704
120 9567
120 9633
121 9706
121 9863
121 9761
122 9567
122 9693
122 9856
123 9576
123 9751
123 9760
124 9594
125 9636
126 9618
126 9618
127 9618
128 9693
129 9634
129 9741
130 9529
130 9664
130 9777
130 9693
132 9567
132 9589
132 9589
133 9742
133 9670
133 9792
134 9719
134 9600
135 9529
135 9816
136 9820
136 9719
137 9778
138 9567
138 9558
138 9761
139 9670
139 9714
140 9562
140 9594
141 9553
141 9583
142 9567
142 9775
142 9739
142 9710
143 9638
143 9616
143 9529
143 9562
144 9535
144 9690
144 9704
145 9562
145 9565
145 9562
146 9603
146 9704
146 9710
147 9698
147 9555
147 9562
147 9816
148 9670
149 9693
150 9611
150 9562
151 9570
151 9838
152 9704
152 9775
153 9562
154 9535
154 9820
155 9792
155 9567
156 9594
157 9714
158 9567
159 9616
159 9562
159 9715
159 9535
160 9594
161 9704
161 9698
161 9567
162 9792
162 9788
163 9615
164 9775
164 9581
164 9704
165 9571
166 9752
167 9618
167 9567
167 9583
168 9778
168 9820
169 9618
170 9529
171 9690
171 9704
173 9704
173 9594
173 9558
174 9529
174 9816
175 9808
176 9863
176 9760
176 9552
177 9715
177 9873
178 9556
179 9562
179 9557
180 9704
180 9714
